Disturb test dataset: 10.0 %
Accuracy: 82.26648351648352 %
Max iterations: 10
Data;Accuracy
0;82.5
1;84.28571428571429
2;86.07142857142858
3;82.85714285714286
4;84.64285714285714
5;84.64285714285714
6;77.5
7;81.42857142857143
8;86.07142857142858
9;82.5
10;80.35714285714286
11;83.21428571428572
12;78.92857142857143
13;85.71428571428571
14;85.35714285714285
15;85.0
16;80.71428571428572
17;86.42857142857143
18;83.57142857142857
19;83.57142857142857
20;86.42857142857143
21;78.57142857142857
22;75.0
23;76.07142857142857
24;77.14285714285715
25;80.35714285714286
